725    1389   1   37.2692903072
750    1519   1   38.9743505398
775    1571   1   39.6358423652
800    1624   1   40.2988833592
825    1570   1   39.6232255123
850    1692   1   41.1339276024
875    1748   1   41.8090899207
900    1728   1   41.5692193817
925    1756   1   41.9046536795
950    1862   1   43.1508980208
975    1906   1   43.6577599059
1000   1937   1   44.0113621693
1025   1824   1   42.7083130081
1050   1869   1   43.2319326424
1075   1930   1   43.931765273
1100   1937   1   44.0113621693
1125   1998   1   44.6989932773
1150   1944   1   44.0908153701
1175   1918   1   43.7949768809
1200   2026   1   45.0111097397

