320.4112876359   2.6689686721 0.4234422263  0.0777085718
331.8328931396   2.569218798  0.4380339012  0.0771962472
343.2544986434   2.4834658449 0.4526414963  0.0767258014
354.6761041472   2.3538214306 0.4672635183  0.0762983698
366.097709651    2.5718371075 0.4818986541  0.0759185233
377.5193151548   2.4323475318 0.4965457442  0.0755815852
388.9409206585   2.418403608  0.511203761   0.0752941493
400.3625261623   2.4200972312 0.5258717907  0.0750570209
411.7841316661   2.2054866129 0.5405490184  0.0748702408
423.2057371699   2.3202424347 0.5552347145  0.0747426995
434.6273426737   2.204668068  0.5699282244  0.0746713048
446.0489481774   2.0902416241 0.5846289589  0.0746624056
457.4705536812   2.0918943018 0.5993363865  0.0747217259
468.892159185    2.0414046566 0.6140500263  0.074852458
480.3137646888   1.9628137798 0.628769442   0.075060386
491.7353701926   1.9589346982 0.6434942374  0.0753541292
503.1569756963   1.8112017101 0.6582240513  0.0757392711
514.5785812001   1.6768333328 0.6729585544  0.0762276384
526.0001867039   1.6548328503 0.6876974451  0.0768315243
537.4217922077   1.5588687192 0.7024404473  0.0775636498
548.8433977115   1.3310964508 0.7171873074  0.0784407824
560.2650032152   1.3766693278 0.7319377922  0.0794876061
571.686608719    1.1068128326 0.746691687   0.0807262312
583.1082142228   1.1506723458 0.7614487934    0.0821947831
594.5298197266   1.0748288321 0.7762089284    0.0839334237
605.9514252304   1.017524395  0.7909719224    0.0859995259
617.3730307341   0.884655398  0.8057376182    0.0884677952
628.7946362379   0.8178673905 0.82050587      0.0914422495
