#725   0.6855873643   0   0.023882914
#750   0.7497532083   0   0.0254464876
775   0.7754195459   0   0.0260674861
800   0.8015794669   0   0.0266980956
825   0.7749259625   0   0.0260555657
850   0.8351431392   0   0.0275039906
875   0.8627838105   0   0.028165178
900   0.8529121422   0   0.0279292865
925   0.8667324778   0   0.0282594598
950   0.9190523198   0   0.0295048768
975   0.9407699901   0   0.0300198862
1000  0.956071076    0   0.0303820927
1025  0.90029615     0   0.0290591977
1050  0.9225074038   0   0.0295868834
1075  0.9526159921   0   0.0303003493
1100  0.956071076    0   0.0303820927
1125  0.9861796644   0   0.0310933536
1150  0.9595261599   0   0.0304638103
1175  0.9466929911   0   0.0301601567
1200  1              0   0.0222167373

