-0.2330505116
1.8356949717
1.7512563806
0.0624845575
0.7379932867
0.8646511734
-0.4863662851
0.0624845575
-0.9718881842
2.3212168709
-0.8030110019
-0.4652566373
0.4002389221
0.7168836389
1.2657344814
-1.0774364231
0.2524713876
0.5691161044
-0.6130241718
0.5691161044
-0.3808180461
-0.4441469895
0.2524713876
-0.6341338196
-0.6763531152
-0.0219540337
1.3290634248
-0.1486119204
0.0202652619
-0.3385987505
-0.4652566373
-0.3808180461
-0.3808180461
-0.0219540337
0.6535546955
-1.9640416303
-3.9061292269
0.3580196265
0.1891424442
-1.4363004356
-0.887449593
1.3712827204
-0.0008443859
0.3158003309
1.2024055381
-0.4652566373
-0.4652566373
0.2946906831
-0.0008443859
0.2735810353
